1,908734,1
2,824577,1
3,915666,1
4,985326,1
5,1038344,1
6,994918,1
7,1175148,1
8,1122472,1
9,846332,1
10,996727,1
11,1117590,1
12,843343,1
13,1074843,1
14,949724,1
15,1124071,1
16,1113847,1
17,925350,1
18,1029457,1
19,1155278,1
20,868319,1
21,1075366,1
22,955001,1
23,978847,1
24,938014,1
25,1161900,1
26,817870,1
27,995012,1
28,1149502,1
29,1125130,1
30,1018784,1
31,1061349,1
32,910134,1
33,1108963,1
34,1113459,1
35,992182,1
36,840698,1
37,1199971,1
38,1060841,1
39,936525,1
40,1175230,1
41,1119996,1
42,1061285,1
43,804619,1
44,815288,1
45,824200,1
46,830435,1
47,1162223,1
48,1199198,1
49,986881,1
50,1182762,1
51,931496,1
52,1151158,1
53,1172742,1
54,1041102,1
55,954961,1
56,965103,1
57,936666,1
58,1091197,1
59,1014424,1
60,1128582,1
61,1129914,1
62,1100774,1
63,817832,1
64,978452,1
65,989266,1
66,1030863,1
67,813946,1
68,1135531,1
69,1114791,1
70,1151011,1
71,1147546,1
72,962563,1
73,1000138,1
74,905080,1
75,882829,1
76,912924,1
77,875092,1
78,1065943,1
79,1113624,1
80,1064841,1
81,1002093,1
82,1063039,1
83,807869,1
84,826637,1
85,1119513,1
86,1089015,1
87,923231,1
88,1118156,1
89,1170976,1
90,898839,1
91,961836,1
92,1130116,1
93,877632,1
94,935595,1
95,1173670,1
96,958932,1
97,923736,1
98,1047178,1
99,837291,1
100,965089,1
101,1127014,1
102,973773,1
103,1054787,1
104,1059399,1
105,957747,1
106,881568,1
107,1157950,1
108,991425,1
109,949595,1
110,1179575,1
111,1089338,1
112,857769,1
113,929434,1
114,918180,1
115,1027650,1
116,844337,1
117,976543,1
118,1148719,1
119,800559,1
120,1073779,1
121,1078816,1
122,1067564,1
123,873108,1
124,842191,1
125,1092481,1
126,1102588,1
127,835223,1
128,971909,1
129,1124360,1
130,1068099,1
131,844071,1
132,814429,1
133,912451,1
134,825569,1
135,1189417,1
136,1145301,1
137,1031129,1
138,1019461,1
139,1024058,1
140,821230,1
141,1026565,1
142,905248,1
143,866410,1
144,919764,1
145,926546,1
146,929047,1
147,957990,1
148,1037834,1
149,884974,1
150,1124736,1
151,1065841,1
152,1171054,1
153,900934,1
154,1009147,1
155,838031,1
156,861078,1
157,1151929,1
158,1012283,1
159,1000675,1
160,1017952,1
161,841840,1
162,1114459,1
163,1188181,1
164,1058710,1
165,803116,1
166,932999,1
167,968017,1
168,832056,1
169,868140,1
170,1090978,1
171,990136,1
172,932520,1
173,853164,1
174,854906,1
175,940447,1
176,1038294,1
177,877464,1
178,804774,1
179,802436,1
180,1031181,1
181,1174753,1
182,1082884,1
183,858236,1
184,878326,1
185,1032589,1
186,926306,1
187,1088109,1
188,1040577,1
189,966082,1
190,913527,1
191,1126626,1
192,944767,1
193,1097312,1
194,996234,1
195,883764,1
196,1152385,1
197,1110235,1
198,804885,1
199,1198152,1
200,1181534,1
201,829989,1
202,887573,1
203,865149,1
204,921165,1
205,1114884,1
206,943741,1
207,880568,1
208,964023,1
209,848164,1
210,1099678,1
211,848083,1
212,1122652,1
213,1079458,1
214,1022506,1
215,903389,1
216,1173355,1
217,1142630,1
218,1050363,1
219,811289,1
220,957446,1
221,823931,1
222,1174202,1
223,1009829,1
224,1142565,1
225,1010933,1
226,911446,1
227,904854,1
228,889675,1
229,1140304,1
230,884496,1
231,873782,1
232,911519,1
233,969734,1
234,1001089,1
235,1170673,1
236,810910,1
237,1091243,1
238,935013,1
239,1063527,1
240,1163104,1
241,987593,1
242,1124748,1
243,1085330,1
244,1071903,1
245,928331,1
246,951670,1
247,1133003,1
248,936324,1
249,1191282,1
250,850591,1
251,1108248,1
252,997021,1
253,808266,1
254,1167691,1
255,1142033,1
256,1020756,1
257,858277,1
258,809611,1
259,1083470,1
260,844223,1
261,1150216,1
262,1001126,1
263,1198081,1
264,811067,1
265,1082336,1
266,1194572,1
267,1197889,1
268,1093768,1
269,1066933,1
270,1197398,1
271,1172718,1
272,1065049,1
273,1074028,1
274,940369,1
275,1049569,1
276,1161418,1
277,1177619,1
278,993893,1
279,1074345,1
280,885462,1
281,948200,1
282,922631,1
283,1160504,1
284,957501,1
285,939103,1
286,996429,1
287,1026063,1
288,1024415,1
289,980093,1
290,1042589,1
291,926023,1
292,1180659,1
293,835432,1
294,985834,1
295,1076137,1
296,1125201,1
297,1133746,1
298,1197422,1
299,1068800,1
300,975111,1
301,1107982,1
302,937561,1
303,1063595,1
304,1093088,1
305,1198170,1
306,1051545,1
307,1149877,1
308,1035138,1
309,1100465,1
310,973841,1
311,939642,1
312,818034,1
313,989833,1
314,1147095,1
315,1067931,1
316,985072,1
317,849876,1
318,852385,1
319,1033799,1
320,1187303,1
321,1005662,1
322,856916,1
323,1032444,1
324,1029739,1
325,1119685,1
326,1083783,1
327,1073601,1
328,1069310,1
329,861681,1
330,997483,1
331,1185805,1
332,953797,1
333,1002366,1
334,1165305,1
335,1110585,1
336,1180144,1
337,826876,1
338,1170052,1
339,1144008,1
340,929185,1
341,872113,1
342,905670,1
343,960227,1
344,912719,1
345,1122133,1
346,1124388,1
347,1168058,1
348,1024042,1
349,1098597,1
350,1173042,1
351,1043783,1
352,883253,1
353,983786,1
354,995823,1
355,1166890,1
356,904008,1
357,826993,1
358,957981,1
359,1147379,1
360,1103225,1
361,990366,1
362,851103,1
363,1009327,1
364,1131701,1
365,816682,1
366,890897,1
367,819051,1
368,836879,1
369,1166378,1
370,1087130,1
371,1061592,1
372,1001274,1
373,1193733,1
374,983992,1
375,1194804,1
376,823312,1
377,811588,1
378,986594,1
379,1157812,1
380,997047,1
381,910945,1
382,1004554,1
383,1028832,1
384,1065309,1
385,1067399,1
386,844718,1
387,1164318,1
388,880200,1
389,829917,1
390,853928,1
391,850835,1
392,859218,1
393,1005543,1
394,1065241,1
395,895096,1
396,1146891,1
397,803620,1
398,887339,1
399,828794,1
400,849580,1
401,1135194,-1
402,971097,-1
403,1048661,-1
404,916556,-1
405,1189849,-1
406,1135168,-1
407,862646,-1
408,957290,-1
409,915418,-1
410,966191,-1
411,1123787,-1
412,1196381,-1
413,1138464,-1
414,801320,-1
415,833842,-1
416,802279,-1
417,1187027,-1
418,967902,-1
419,993614,-1
420,1034168,-1
421,836944,-1
422,939343,-1
423,962159,-1
424,985677,-1
425,1180307,-1
426,948544,-1
427,865797,-1
428,983416,-1
429,1169312,-1
430,871527,-1
431,1105038,-1
432,865869,-1
433,986045,-1
434,1047070,-1
435,991388,-1
436,955739,-1
437,1124153,-1
438,1130930,-1
439,1008218,-1
440,1158960,-1
441,1044882,-1
442,985424,-1
443,930463,-1
444,1040381,-1
445,837601,-1
446,1076023,-1
447,1084755,-1
448,969003,-1
449,975190,-1
450,860697,-1
451,1124796,-1
452,852895,-1
453,1065329,-1
454,1155757,-1
455,816624,-1
456,1050726,-1
457,1053012,-1
458,1027886,-1
459,826396,-1
460,1041756,-1
461,1007574,-1
462,1107434,-1
463,988927,-1
464,1150890,-1
465,955526,-1
466,1080278,-1
467,935845,-1
468,984296,-1
469,1128095,-1
470,1051125,-1
471,1135216,-1
472,1000304,-1
473,953391,-1
474,1118166,-1
475,917752,-1
476,893384,-1
477,1194982,-1
478,1012904,-1
479,1092876,-1
480,1156317,-1
481,948203,-1
482,945265,-1
483,870179,-1
484,930625,-1
485,942195,-1
486,928418,-1
487,851809,-1
488,1106880,-1
489,1095361,-1
490,1194276,-1
491,937335,-1
492,1065167,-1
493,1061320,-1
494,1014379,-1
495,1019243,-1
496,978795,-1
497,921045,-1
498,1039009,-1
499,946051,-1
500,835335,-1
501,848302,-1
502,854126,-1
503,1163828,-1
504,1196193,-1
505,970261,-1
506,1090337,-1
507,804657,-1
508,923589,-1
509,966773,-1
510,880805,-1
511,831137,-1
512,1048956,-1
513,822480,-1
514,1028850,-1
515,1152271,-1
516,1138137,-1
517,1198434,-1
518,927462,-1
519,832507,-1
520,987838,-1
521,899678,-1
522,1031886,-1
523,1017675,-1
524,969288,-1
525,1181627,-1
526,1024410,-1
527,916720,-1
528,1115532,-1
529,920175,-1
530,986148,-1
531,1135051,-1
532,926011,-1
533,1008977,-1
534,1051714,-1
535,854564,-1
536,1156810,-1
537,968500,-1
538,894000,-1
539,1184433,-1
540,1109830,-1
541,1112621,-1
542,1072067,-1
543,1132759,-1
544,809308,-1
545,936072,-1
546,1120784,-1
547,888336,-1
548,896656,-1
549,1164068,-1
550,1098316,-1
551,991333,-1
552,1198129,-1
553,966454,-1
554,848679,-1
555,822215,-1
556,976416,-1
557,995550,-1
558,1126668,-1
559,958991,-1
560,904706,-1
561,865065,-1
562,1193553,-1
563,1151383,-1
564,1066271,-1
565,1195200,-1
566,920118,-1
567,1137361,-1
568,824416,-1
569,995783,-1
570,1030744,-1
571,854959,-1
572,811430,-1
573,904183,-1
574,1051170,-1
575,1091780,-1
576,811960,-1
577,1159302,-1
578,1066225,-1
579,1132173,-1
580,1141136,-1
581,883782,-1
582,966290,-1
583,816115,-1
584,898888,-1
585,1055916,-1
586,1157150,-1
587,1007455,-1
588,810768,-1
589,1123444,-1
590,971654,-1
591,978785,-1
592,910456,-1
593,1140988,-1
594,809765,-1
595,1014190,-1
596,808197,-1
597,981160,-1
598,1193090,-1
599,1142144,-1
600,1107329,-1
601,965500,-1
602,1029240,-1
603,952975,-1
604,876199,-1
605,854712,-1
606,1196873,-1
607,842729,-1
608,921793,-1
609,892049,-1
610,1027378,-1
611,1111405,-1
612,1066710,-1
613,891268,-1
614,1043991,-1
615,825461,-1
616,837462,-1
617,939626,-1
618,1196979,-1
619,1164981,-1
620,873659,-1
621,1036741,-1
622,967022,-1
623,983755,-1
624,1176723,-1
625,834084,-1
626,928111,-1
627,806160,-1
628,1016029,-1
629,846739,-1
630,827706,-1
631,1172924,-1
632,1036211,-1
633,973280,-1
634,915309,-1
635,818012,-1
636,974493,-1
637,1001340,-1
638,957652,-1
639,942608,-1
640,974405,-1
641,1191224,-1
642,1089229,-1
643,982797,-1
644,1010896,-1
645,905289,-1
646,920901,-1
647,992904,-1
648,1074687,-1
649,1149115,-1
650,808193,-1
651,1076285,-1
652,805231,-1
653,1163135,-1
654,850414,-1
655,1023493,-1
656,966537,-1
657,1076511,-1
658,982581,-1
659,1062268,-1
660,1189486,-1
661,921391,-1
662,1143604,-1
663,869669,-1
664,855766,-1
665,1103604,-1
666,973970,-1
667,867816,-1
668,897586,-1
669,1006410,-1
670,1005636,-1
671,960612,-1
672,1141814,-1
673,828198,-1
674,1145029,-1
675,1100408,-1
676,1129631,-1
677,1065989,-1
678,939682,-1
679,830631,-1
680,1030556,-1
681,815763,-1
682,838513,-1
683,843676,-1
684,906412,-1
685,994083,-1
686,860074,-1
687,1001925,-1
688,1100960,-1
689,958583,-1
690,1081410,-1
691,1094859,-1
692,998301,-1
693,1101175,-1
694,946527,-1
695,1172626,-1
696,999793,-1
697,1159759,-1
698,982067,-1
699,909031,-1
700,1079700,-1
701,1041246,-1
702,906927,-1
703,981428,-1
704,947093,-1
705,1113014,-1
706,1062755,-1
707,880684,-1
708,991712,-1
709,1056281,-1
710,899924,-1
711,1141726,-1
712,955043,-1
713,1125198,-1
714,864275,-1
715,1044410,-1
716,1127302,-1
717,1022064,-1
718,1114228,-1
719,857701,-1
720,1117697,-1
721,1125077,-1
722,1083435,-1
723,1045511,-1
724,849814,-1
725,1188507,-1
726,989952,-1
727,945145,-1
728,924128,-1
729,972158,-1
730,969840,-1
731,907469,-1
732,1126541,-1
733,1017624,-1
734,1132554,-1
735,1127392,-1
736,1024738,-1
737,938414,-1
738,1020327,-1
739,875907,-1
740,939426,-1
741,1101822,-1
742,928630,-1
743,1018789,-1
744,824810,-1
745,936119,-1
746,1199773,-1
747,1107728,-1
748,849616,-1
749,993400,-1
750,1172153,-1
751,825811,-1
752,925581,-1
753,1104899,-1
754,812213,-1
755,850738,-1
756,982929,-1
757,806669,-1
758,831613,-1
759,908331,-1
760,1049802,-1
761,899813,-1
762,803073,-1
763,864099,-1
764,803290,-1
765,904480,-1
766,852679,-1
767,845148,-1
768,900848,-1
769,1094532,-1
770,1145462,-1
771,1165297,-1
772,1019675,-1
773,807622,-1
774,1015036,-1
775,927978,-1
776,831324,-1
777,1165965,-1
778,1149033,-1
779,1134469,-1
780,1152387,-1
781,1078573,-1
782,856279,-1
783,1165249,-1
784,1082826,-1
785,1070615,-1
786,996024,-1
787,1118978,-1
788,897331,-1
789,1091258,-1
790,934818,-1
791,1188775,-1
792,1125068,-1
793,859570,-1
794,1085310,-1
795,1008074,-1
796,988003,-1
797,881386,-1
798,1035433,-1
799,1021627,-1
800,864692,-1
801,1029045,-1
802,1052235,-1
803,813219,-1
804,830361,-1
805,800316,-1
806,808225,-1
807,898002,-1
808,1040047,-1
809,886080,-1
810,823474,-1
811,1160369,-1
812,989956,-1
813,906971,-1
814,1061640,-1
815,870598,-1
816,1144004,-1
817,967965,-1
818,1163558,-1
819,863690,-1
820,1063282,-1
821,1036952,-1
822,907643,-1
823,867605,-1
824,920486,-1
825,830216,-1
826,805694,-1
827,1152034,-1
828,987865,-1
829,978300,-1
830,1129542,-1
831,833112,-1
832,990713,-1
833,962662,-1
834,1066804,-1
835,1143300,-1
836,916562,-1
837,869121,-1
838,960478,-1
839,1119431,-1
840,1013117,-1
841,816259,-1
842,1184224,-1
843,917463,-1
844,1101459,-1
845,883435,-1
846,916447,-1
847,1185323,-1
848,865260,-1
849,1120948,-1
850,845732,-1
851,837282,-1
852,927466,-1
853,1078726,-1
854,1051081,-1
855,1175458,-1
856,1186697,-1
857,942328,-1
858,1032032,-1
859,997182,-1
860,901195,-1
861,954866,-1
862,1177206,-1
863,1036903,-1
864,1153482,-1
865,1154610,-1
866,983941,-1
867,846853,-1
868,1117003,-1
869,943904,-1
870,909434,-1
871,1172176,-1
872,1159383,-1
873,842944,-1
874,1119165,-1
875,1039202,-1
876,885813,-1
877,906034,-1
878,925152,-1
879,1050896,-1
880,825772,-1
881,1118631,-1
882,991575,-1
883,973047,-1
884,886384,-1
885,914052,-1
886,1029215,-1
887,967657,-1
888,830622,-1
889,919518,-1
890,1059797,-1
891,917937,-1
892,1151443,-1
893,1075900,-1
894,1161540,-1
895,1083027,-1
896,890551,-1
897,1022947,-1
898,866447,-1
899,917912,-1
900,954267,-1
901,1065844,-1
902,1133327,-1
903,907145,-1
904,979807,-1
905,928623,-1
906,1153884,-1
907,929785,-1
908,847442,-1
909,1127460,-1
910,982798,-1
911,1156270,-1
912,1054972,-1
913,920511,-1
914,866078,-1
915,1146345,-1
916,1058109,-1
917,970536,-1
918,1051773,-1
919,957280,-1
920,930345,-1
921,1007761,-1
922,806739,-1
923,855960,-1
924,1158914,-1
925,902659,-1
926,819903,-1
927,1108308,-1
928,971485,-1
929,1171392,-1
930,886331,-1
931,1186653,-1
932,828455,-1
933,1043353,-1
934,1181084,-1
935,853079,-1
936,817107,-1
937,1174161,-1
938,1045739,-1
939,1188852,-1
940,915443,-1
941,1111844,-1
942,923219,-1
943,1069096,-1
944,1131443,-1
945,938596,-1
946,878405,-1
947,947491,-1
948,828109,-1
949,993085,-1
950,1148580,-1
951,1013158,-1
952,899217,-1
953,936962,-1
954,996692,-1
955,1119910,-1
956,947198,-1
957,947449,-1
958,848184,-1
959,810782,-1
960,1070906,-1
961,993004,-1
962,1058379,-1
963,1072630,-1
964,1091117,-1
965,1089879,-1
966,895307,-1
967,951951,-1
968,1134244,-1
969,1073903,-1
970,822817,-1
971,953577,-1
972,1172322,-1
973,1197924,-1
974,990542,-1
975,1151182,-1
976,1130649,-1
977,879574,-1
978,1176601,-1
979,955422,-1
980,1091603,-1
981,882817,-1
982,1170459,-1
983,998569,-1
984,1003956,-1
985,951010,-1
986,1099135,-1
987,1060638,-1
988,807471,-1
989,899533,-1
990,1169283,-1
991,1030331,-1
992,1146672,-1
993,861626,-1
994,873428,-1
995,911635,-1
996,1109522,-1
997,1066485,-1
998,812611,-1
999,1131228,-1
1000,965019,-1
